---------------------------------------------
sar output
---------------------------------------------
HOSTNAME:~$ sar -n DEV  | grep "eth0\|IFACE\|x86"
00:00:01        IFACE   rxpck/s   txpck/s    rxkB/s    txkB/s   rxcmp/s   txcmp/s  rxmcst/s   %ifutil
00:05:01         eth0    218.87    144.27    213.24      9.69      0.00      0.00      0.00      0.17
00:15:01         eth0    318.78    206.37    347.15     13.79      0.00      0.00      0.00      0.28
00:25:01         eth0    240.19    157.07    242.11     10.63      0.00      0.00      0.00      0.20
00:35:01         eth0    266.78    173.63    281.49     11.41      0.00      0.00      0.00      0.23
00:45:01         eth0    339.86    217.18    375.91     14.51      0.00      0.00      0.00      0.31
00:55:01         eth0    238.34    156.52    241.15     10.62      0.00      0.00      0.00      0.20
01:05:01         eth0    290.52    188.45    309.32     12.63      0.00      0.00      0.00      0.25
01:15:01         eth0    297.87    193.34    317.13     12.94      0.00      0.00      0.00      0.26
01:25:01         eth0    239.88    158.82    230.28     10.65      0.00      0.00      0.00      0.19
01:35:01         eth0    354.35    228.96    388.04     15.28      0.00      0.00      0.00      0.32
01:45:01         eth0    259.00    170.46    258.16     11.48      0.00      0.00      0.00      0.21
01:55:01         eth0    260.17    169.62    262.46     11.19      0.00      0.00      0.00      0.22
02:05:01         eth0    321.06    206.53    348.44     13.79      0.00      0.00      0.00      0.29
02:15:01         eth0    236.51    155.29    234.98     10.83      0.00      0.00      0.00      0.19
02:25:01         eth0    311.10    202.81    334.03     13.63      0.00      0.00      0.00      0.27
02:35:01         eth0    292.96    194.35    303.85     12.72      0.00      0.00      0.00      0.25
02:45:01         eth0    235.10    156.10    222.59     10.34      0.00      0.00      0.00      0.18
02:55:01         eth0    309.21    206.41    329.75     13.69      0.00      0.00      0.00      0.27
03:05:01         eth0    253.73    167.56    247.54     11.00      0.00      0.00      0.00      0.20
03:15:01         eth0    253.19    166.66    255.23     11.08      0.00      0.00      0.00      0.21
03:25:01         eth0    297.49    194.82    313.40     13.00      0.00      0.00      0.00      0.26
03:35:01         eth0    245.21    164.01    243.27     11.27      0.00      0.00      0.00      0.20
03:45:01         eth0    297.22    194.78    310.48     13.28      0.00      0.00      0.00      0.25
03:55:01         eth0    276.17    183.37    281.97     12.96      0.00      0.00      0.00      0.23
04:05:01         eth0    242.15    159.13    231.21     11.30      0.00      0.00      0.00      0.19
04:15:01         eth0    319.37    208.33    346.75     15.03      0.00      0.00      0.00      0.28
04:25:01         eth0    255.94    167.47    259.87     11.69      0.00      0.00      0.00      0.21
04:35:01         eth0    265.86    172.14    273.32     11.96      0.00      0.00      0.00      0.22
04:45:01         eth0    330.84    212.51    361.56     14.33      0.00      0.00      0.00      0.30
04:55:01         eth0    226.23    147.23    218.41     10.19      0.00      0.00      0.00      0.18
05:05:01         eth0    303.50    196.64    325.17     13.53      0.00      0.00      0.00      0.27
05:15:01         eth0    285.15    183.04    298.61     12.76      0.00      0.00      0.00      0.24
05:25:01         eth0    220.85    142.85    210.43     10.36      0.00      0.00      0.00      0.17
05:35:01         eth0    362.01    228.39    403.76     15.82      0.00      0.00      0.00      0.33
05:45:01         eth0    269.47    173.83    279.53     11.95      0.00      0.00      0.00      0.23
05:55:01         eth0    277.91    179.38    291.69     12.29      0.00      0.00      0.00      0.24
06:05:01         eth0    378.40    231.85    421.78     16.00      0.00      0.00      0.00      0.35
06:15:01         eth0    275.29    172.67    287.66     11.87      0.00      0.00      0.00      0.24
06:25:01         eth0    308.66    200.59    327.90     13.98      0.00      0.00      0.00      0.27
06:35:01         eth0    262.26    172.22    266.15     11.79      0.00      0.00      0.00      0.22
06:45:02         eth0    236.58    155.86    231.50     10.66      0.00      0.00      0.00      0.19
06:55:01         eth0    307.75    202.48    328.23     13.91      0.00      0.00      0.00      0.27
07:05:01         eth0    246.69    163.76    238.04     11.30      0.00      0.00      0.00      0.20
07:15:01         eth0    271.39    182.12    273.99     12.65      0.00      0.00      0.00      0.22
07:25:01         eth0    296.60    199.29    303.75     13.69      0.00      0.00      0.00      0.25
07:35:01         eth0    299.18    193.51    324.11     13.37      0.00      0.00      0.00      0.27
07:45:01         eth0    333.58    221.33    358.72     14.99      0.00      0.00      0.00      0.29
07:55:01         eth0    278.55    187.11    278.14     13.14      0.00      0.00      0.00      0.23


---------------------------------------------
ifstat output
---------------------------------------------
HOSTNAME:~$ ifstat -i eth0 -t
  Time           eth0       
HH:MM:SS   KB/s in  KB/s out
10:00:00    247.25     12.59
10:00:01   1034.85     34.79
10:00:02     92.46      7.02
10:00:03    111.31      9.59
10:00:04    141.53      9.14
10:00:05    657.57     26.66
10:00:06    210.02      9.44
10:00:07     59.16      5.86
10:00:08     53.40      5.47
10:00:09    515.79     20.99
10:00:10    616.53     30.02
10:00:11    233.89      8.01
10:00:12     47.03      4.06
10:00:13    142.71      8.07
10:00:14    817.70     30.45
10:00:15    193.87      7.70
10:00:16     31.73      2.50
10:00:17     69.65      4.64
10:00:18    674.29     25.76
10:00:19    231.86      9.37
10:00:20     87.82      4.89
10:00:21     74.90      6.57
10:00:22    291.75     13.58
10:00:23    857.18     40.60
10:00:24     66.99      4.96
10:00:25     42.93      3.80
10:00:26     96.62      6.44
10:00:27    684.27     27.42
10:00:28     75.72      4.76
10:00:29     49.40      4.12
10:00:30     82.07      5.09
10:00:31    717.23     30.17
10:00:32    369.23     15.89
10:00:33     51.60      4.19
10:00:34     76.02      5.73
  Time           eth0       
HH:MM:SS   KB/s in  KB/s out
10:00:35    238.76     12.94
10:00:36    982.24     50.48
10:00:37    115.66      6.88
10:00:38     68.36      5.28
10:00:39     68.33      5.41
10:00:40   1034.56     37.93
10:00:41    126.07      7.14
10:00:42     51.06      4.31
10:00:43     29.24      3.22
10:00:44    413.08     17.06
10:00:45    518.01     25.28
10:00:46    160.33      7.71
10:00:47     51.49      4.51
10:00:48    107.83      7.98
10:00:49    886.17     44.89
10:00:50     51.77      4.77
10:00:51     48.76      5.09
10:00:52     61.35      5.09
10:00:53    623.37     29.62
10:00:54     88.81      6.23
10:00:55     44.14      3.16
10:00:56     61.38      4.64
10:00:57    204.93      9.66
10:00:58    356.32     18.46
10:00:59     35.28      3.61
10:01:00     53.53      5.28
10:01:01     27.75      3.35
